{
"metadata": {
    "version": {
        "essentia": "2.1-beta6-dev",
        "essentia_git_sha": "v2.1_beta5-1110-g77a6a954",
        "extractor": "music 2.0"
    },
    "audio_properties": {
        "analysis": {
            "equal_loudness": 0,
            "length": 243.287078857,
            "sample_rate": 44100,
            "start_time": 0,
            "downmix": "mix"
        },
        "bit_rate": 192000,
        "length": 243.287078857,
        "lossless": 0,
        "number_channels": 2,
        "replay_gain": -15.6772155762,
        "sample_rate": 48000,
        "codec": "mp3",
        "md5_encoded": "62e76eb470216411933ba3c7ac3ffbf3"
    },
    "tags": {
        "file_name": "BABYMETAL - ギミチョコ- Gimme chocolate!! (OFFICIAL).mp3",
        "encoding": ["Lavf58.29.100"]
    }
},
"lowlevel": {
    "average_loudness": 0.957890450954,
    "barkbands_crest": {
        "mean": 10.2002258301,
        "stdev": 4.14881086349
    },
    "barkbands_flatness_db": {
        "mean": 0.0904630050063,
        "stdev": 0.0368175320327
    },
    "barkbands_kurtosis": {
        "mean": 1.11253929138,
        "stdev": 3.86575722694
    },
    "barkbands_skewness": {
        "mean": 1.14861214161,
        "stdev": 0.990085482597
    },
    "barkbands_spread": {
        "mean": 47.4284744263,
        "stdev": 17.8996543884
    },
    "dissonance": {
        "mean": 0.486271172762,
        "stdev": 0.0126313660294
    },
    "dynamic_complexity": 2.25706791878,
    "erbbands_crest": {
        "mean": 6.31309938431,
        "stdev": 3.37206411362
    },
    "erbbands_flatness_db": {
        "mean": 0.107453197241,
        "stdev": 0.0384980104864
    },
    "erbbands_kurtosis": {
        "mean": 0.570565998554,
        "stdev": 2.46743154526
    },
    "erbbands_skewness": {
        "mean": -0.547487854958,
        "stdev": 0.791090905666
    },
    "erbbands_spread": {
        "mean": 50.5293159485,
        "stdev": 19.220123291
    },
    "hfc": {
        "mean": 41.799823761,
        "stdev": 26.904800415
    },
    "loudness_ebu128": {
        "integrated": -6.18213510513,
        "loudness_range": 1.91377687454,
        "momentary": {
            "mean": -9.60224533081,
            "stdev": 14.5855731964
        },
        "short_term": {
            "mean": -8.70103549957,
            "stdev": 12.1153106689
        }
    },
    "melbands_crest": {
        "mean": 15.485004425,
        "stdev": 5.00919723511
    },
    "melbands_flatness_db": {
        "mean": 0.154577553272,
        "stdev": 0.0544579550624
    },
    "melbands_kurtosis": {
        "mean": 15.6437549591,
        "stdev": 17.7398853302
    },
    "melbands_skewness": {
        "mean": 3.30743956566,
        "stdev": 1.87176156044
    },
    "melbands_spread": {
        "mean": 38.1947059631,
        "stdev": 23.7063903809
    },
    "pitch_salience": {
        "mean": 0.544440329075,
        "stdev": 0.122384339571
    },
    "silence_rate_20dB": {
        "mean": 1,
        "stdev": 0
    },
    "silence_rate_30dB": {
        "mean": 1,
        "stdev": 0
    },
    "silence_rate_60dB": {
        "mean": 0.0805420354009,
        "stdev": 0.272152274847
    },
    "spectral_centroid": {
        "mean": 2450.42919922,
        "stdev": 607.258117676
    },
    "spectral_complexity": {
        "mean": 28.3601493835,
        "stdev": 12.4475278854
    },
    "spectral_decrease": {
        "mean": -7.52604112364e-09,
        "stdev": 3.60109941866e-09
    },
    "spectral_energy": {
        "mean": 0.0321963876486,
        "stdev": 0.0149764819071
    },
    "spectral_energyband_high": {
        "mean": 0.00386839616112,
        "stdev": 0.0029610588681
    },
    "spectral_energyband_low": {
        "mean": 0.0173175055534,
        "stdev": 0.0113697163761
    },
    "spectral_energyband_middle_high": {
        "mean": 0.00590027030557,
        "stdev": 0.00578963384032
    },
    "spectral_energyband_middle_low": {
        "mean": 0.00634991377592,
        "stdev": 0.00516530824825
    },
    "spectral_entropy": {
        "mean": 8.15469646454,
        "stdev": 0.299375385046
    },
    "spectral_flux": {
        "mean": 0.101216569543,
        "stdev": 0.0423492789268
    },
    "spectral_kurtosis": {
        "mean": 2.35893893242,
        "stdev": 1.87589216232
    },
    "spectral_rms": {
        "mean": 0.00532679120079,
        "stdev": 0.00174253189471
    },
    "spectral_rolloff": {
        "mean": 3250.45141602,
        "stdev": 2732.65136719
    },
    "spectral_skewness": {
        "mean": 1.09746623039,
        "stdev": 0.344852209091
    },
    "spectral_spread": {
        "mean": 6011351,
        "stdev": 1448184.625
    },
    "spectral_strongpeak": {
        "mean": 0.535109400749,
        "stdev": 1.21041750908
    },
    "zerocrossingrate": {
        "mean": 0.111085683107,
        "stdev": 0.0665942430496
    },
    "barkbands": {
        "mean": [0.00034881249303, 0.0114180129021, 0.00445171771571, 0.00198401138186, 0.00145099125803, 0.000938649871387, 0.000503316579852, 0.000336216558935, 0.000915064651053, 0.000655850861222, 0.000599361897912, 0.000437712122221, 0.000445477198809, 0.000622500781901, 0.000515055435244, 0.000612265372183, 0.000582969398238, 0.000400902295951, 0.000692076224368, 0.000930357316975, 0.000945456209593, 0.000681867590174, 0.000592704047449, 0.00052016886184, 0.000414675538195, 0.000167039557709, 3.31789451593e-05],
        "stdev": [0.000475104461657, 0.00909646693617, 0.00458197016269, 0.00215377076529, 0.00211155740544, 0.0016495763557, 0.000957018579356, 0.000690077664331, 0.00256025767885, 0.00223836116493, 0.00155546388123, 0.00123651511967, 0.000932927825488, 0.00158993666992, 0.000957042677328, 0.00093901733635, 0.000769497302826, 0.00062546558911, 0.00139519234654, 0.0010175727075, 0.000876232574228, 0.000758512644097, 0.00069692521356, 0.000618812104221, 0.000431489985203, 0.000166154117323, 4.43515200459e-05]
    },
    "erbbands": {
        "mean": [0.256459563971, 2.73710250854, 5.61695861816, 6.34275865555, 5.60765457153, 5.02377223969, 5.10527610779, 8.06316757202, 7.18802261353, 8.41160488129, 7.86482858658, 19.6488742828, 25.4046955109, 16.5764331818, 24.8270301819, 17.4254302979, 21.1591625214, 25.7581710815, 26.5373249054, 35.3535079956, 33.5304603577, 32.5247077942, 23.7188491821, 28.60795784, 38.2036170959, 43.6752090454, 45.897693634, 29.898683548, 23.7372932434, 23.1140708923, 15.938451767, 12.1326551437, 7.57279443741, 4.77311038971, 2.94408583641, 1.04123997688, 0.231727480888, 0.0468249134719, 0.00658246595412, 0.000226073942031],
        "stdev": [0.260029256344, 2.22079467773, 5.00801801682, 5.61053705215, 6.69474697113, 7.63413858414, 7.83832979202, 15.169549942, 14.8701534271, 15.0523424149, 14.4306125641, 54.1302223206, 78.026222229, 38.5275497437, 60.1799621582, 39.385684967, 41.1910171509, 63.4804115295, 53.5824546814, 61.5614891052, 45.1905097961, 42.007484436, 35.8184356689, 64.4890899658, 50.3548088074, 47.3227920532, 44.2632637024, 28.2091407776, 23.7220840454, 31.0586833954, 18.3945541382, 14.1281995773, 9.90703010559, 5.45845270157, 3.01638960838, 1.04124093056, 0.24327506125, 0.0597205348313, 0.00880304258317, 0.000244743016083]
    },
    "gfcc": {
        "mean": [20.7026576996, 31.0412139893, -95.0877609253, 53.739238739, -44.6194229126, 24.2361679077, -30.4256496429, 14.3855848312, -22.6751308441, 9.90267372131, -19.0661182404, 0.798664093018, -10.3569412231],
        "cov": [[39543.6640625, 2662.77636719, 549.329833984, 2311.6862793, 166.30821228, 632.216003418, -237.651199341, -28.1932048798, -387.671691895, 52.6184310913, -457.328308105, -298.672241211, -254.934387207], [2662.77636719, 794.704650879, -137.321151733, 57.4804229736, -59.6255683899, -41.1234397888, -12.5588941574, 30.0131645203, -60.8655815125, -2.14503908157, -33.5461578369, -40.9294776917, 23.4792499542], [549.329833984, -137.321151733, 892.211975098, 395.956176758, 113.856567383, 27.8770484924, -116.850105286, -59.3127784729, -16.0490245819, -3.44380402565, -21.1702919006, 25.5835895538, -33.6238937378], [2311.6862793, 57.4804229736, 395.956176758, 645.954467773, 124.908081055, 52.1058578491, -97.9873657227, -67.3837356567, -15.5253238678, -7.66604661942, -38.4702835083, 1.65190565586, -35.2948226929], [166.30821228, -59.6255683899, 113.856567383, 124.908081055, 204.664886475, 43.5647010803, 36.1118431091, -11.4472818375, -8.87916755676, 22.2449321747, -13.4907484055, 4.33158636093, 16.4735946655], [632.216003418, -41.1234397888, 27.8770484924, 52.1058578491, 43.5647010803, 173.53944397, 36.4692230225, -10.3371782303, -16.2103157043, -9.27159118652, -17.1515960693, -6.7921538353, -10.9513235092], [-237.651199341, -12.5588941574, -116.850105286, -97.9873657227, 36.1118431091, 36.4692230225, 139.369873047, 48.73179245, 9.46555328369, 8.59358882904, 2.12875342369, -4.41218900681, 23.4577598572], [-28.1932048798, 30.0131645203, -59.3127784729, -67.3837356567, -11.4472818375, -10.3371782303, 48.73179245, 120.866111755, 21.2103538513, 9.08464336395, -0.564625024796, -10.1508140564, 17.9793071747], [-387.671691895, -60.8655815125, -16.0490245819, -15.5253238678, -8.87916755676, -16.2103157043, 9.46555328369, 21.2103538513, 82.3226165771, 22.9518890381, 11.9302682877, -3.06650948524, -9.43472576141], [52.6184310913, -2.14503908157, -3.44380402565, -7.66604661942, 22.2449321747, -9.27159118652, 8.59358882904, 9.08464336395, 22.9518890381, 72.0870361328, 27.3977737427, -2.20842337608, 3.77491307259], [-457.328308105, -33.5461578369, -21.1702919006, -38.4702835083, -13.4907484055, -17.1515960693, 2.12875342369, -0.564625024796, 11.9302682877, 27.3977737427, 66.2755966187, 22.3509788513, 4.22400712967], [-298.672241211, -40.9294776917, 25.5835895538, 1.65190565586, 4.33158636093, -6.7921538353, -4.41218900681, -10.1508140564, -3.06650948524, -2.20842337608, 22.3509788513, 51.6857948303, 20.6567611694], [-254.934387207, 23.4792499542, -33.6238937378, -35.2948226929, 16.4735946655, -10.9513235092, 23.4577598572, 17.9793071747, -9.43472576141, 3.77491307259, 4.22400712967, 20.6567611694, 63.0599594116]],
        "icov": [[5.32511985512e-05, -0.000145623780554, 3.14766839438e-05, -0.000180313698365, 7.41423718864e-05, -0.000164267781656, -4.71426892545e-06, -8.61782900756e-05, 0.000169969091075, -0.00025551856379, 0.00025134216412, -5.41690460523e-05, 0.000205424425076], [-0.000145623780554, 0.00209240266122, 0.000257169100223, -9.60085817496e-05, 0.000572620599996, 0.000904319575056, 3.59333944289e-06, -0.000190334074432, 0.00109177909326, -3.18138263538e-05, -0.00015026415349, 0.0014642077731, -0.00152832828462], [3.14766839438e-05, 0.000257169100223, 0.00181329820771, -0.000939951278269, -0.000511208316311, -9.98965115286e-05, 0.00107952195685, -0.000416660011979, 0.000493868894409, -0.000394884642446, 0.000561875465792, -0.000941897684243, 0.000674119975884], [-0.000180313698365, -9.60085817496e-05, -0.000939951278269, 0.00345280650072, -0.00189204851631, -0.000140088188346, 0.00156412145589, 0.000683102291077, -0.00132959510665, 0.00121190631762, -0.000193455678527, -0.000423232588219, 0.000311611045618], [7.41423718864e-05, 0.000572620599996, -0.000511208316311, -0.00189204851631, 0.00807885080576, -0.000680268974975, -0.0033795281779, 0.000983265344985, 0.00166801281739, -0.00396885722876, 0.00260086986236, 1.27190332933e-05, -0.00218809070066], [-0.000164267781656, 0.000904319575056, -9.98965115286e-05, -0.000140088188346, -0.000680268974975, 0.00776262348518, -0.00290747149847, 0.000942511542235, 0.0012176031014, 0.000976948998868, 0.000381021236535, 0.000302331638522, 0.00120530079585], [-4.71426892545e-06, 3.59333944289e-06, 0.00107952195685, 0.00156412145589, -0.0033795281779, -0.00290747149847, 0.0125531954691, -0.00365274050273, -0.00125962321181, 0.000741626776289, -0.000891428440809, 0.000903862703126, -0.00228887074627], [-8.61782900756e-05, -0.000190334074432, -0.000416660011979, 0.000683102291077, 0.000983265344985, 0.000942511542235, -0.00365274050273, 0.0113894538954, -0.00306469085626, 0.000155559551786, 2.9840721254e-05, 0.0026933636982, -0.00345116248354], [0.000169969091075, 0.00109177909326, 0.000493868894409, -0.00132959510665, 0.00166801281739, 0.0012176031014, -0.00125962321181, -0.00306469085626, 0.0169085729867, -0.00603976473212, 0.00109170051292, -0.000304389977828, 0.00383577216417], [-0.00025551856379, -3.18138263538e-05, -0.000394884642446, 0.00121190631762, -0.00396885722876, 0.000976948998868, 0.000741626776289, 0.000155559551786, -0.00603976473212, 0.022129105404, -0.0116989072412, 0.00609893398359, -0.00310969911516], [0.00025134216412, -0.00015026415349, 0.000561875465792, -0.000193455678527, 0.00260086986236, 0.000381021236535, -0.000891428440809, 2.9840721254e-05, 0.00109170051292, -0.0116989072412, 0.0260824747384, -0.0125727076083, 0.0042082304135], [-5.41690460523e-05, 0.0014642077731, -0.000941897684243, -0.000423232588219, 1.27190332933e-05, 0.000302331638522, 0.000903862703126, 0.0026933636982, -0.000304389977828, 0.00609893398359, -0.0125727076083, 0.0320431366563, -0.012623179704], [0.000205424425076, -0.00152832828462, 0.000674119975884, 0.000311611045618, -0.00218809070066, 0.00120530079585, -0.00228887074627, -0.00345116248354, 0.00383577216417, -0.00310969911516, 0.0042082304135, -0.012623179704, 0.02502082102]]
    },
    "melbands": {
        "mean": [0.00277218432166, 0.00324115273543, 0.00108243105933, 0.000375666131731, 0.000184080345207, 0.000182355870493, 0.000106263680209, 8.94665572559e-05, 7.30897590984e-05, 0.000128477666294, 0.000128123923787, 6.69850342092e-05, 9.05982888071e-05, 4.85482196382e-05, 5.25233990629e-05, 3.98238553316e-05, 5.09342644364e-05, 4.58195972897e-05, 4.24352838309e-05, 4.42784294137e-05, 3.87811960536e-05, 3.44492036675e-05, 2.5923944122e-05, 1.90065875358e-05, 2.32328820857e-05, 2.66943461611e-05, 2.94782057608e-05, 2.87100392597e-05, 3.01641084661e-05, 2.30869063671e-05, 1.53288929141e-05, 1.38097120725e-05, 1.24280632008e-05, 1.26888071463e-05, 9.38900939218e-06, 7.87042790762e-06, 7.23162202121e-06, 5.47365016246e-06, 4.36614755017e-06, 3.9241858758e-06],
        "stdev": [0.00235303910449, 0.00242687901482, 0.000922054226976, 0.000532414996997, 0.00025464821374, 0.000329916074406, 0.000209404461202, 0.000165656223544, 0.000160925352247, 0.000357636425178, 0.00040372138028, 0.000175987763214, 0.000228828619584, 0.00015256574261, 0.000122031931824, 8.09680859675e-05, 0.000133369365358, 0.000116189832625, 8.06175376056e-05, 7.63955613365e-05, 5.7418968936e-05, 4.79363625345e-05, 4.18587333115e-05, 3.18840830005e-05, 5.92258074903e-05, 5.04099989485e-05, 4.09805252275e-05, 3.21613260894e-05, 3.16999830829e-05, 2.21461268666e-05, 1.643595715e-05, 1.41482014442e-05, 1.56898040586e-05, 1.72634790943e-05, 1.0915007806e-05, 9.90847456706e-06, 9.03922955331e-06, 7.34875720809e-06, 6.1086484493e-06, 4.5275978664e-06]
    },
    "melbands128": {
        "mean": [0.000325882865582, 0.00169797660783, 0.00372035894543, 0.00497655384243, 0.00338670634665, 0.00207915576175, 0.00131875951774, 0.000916926481295, 0.000493884843308, 0.00038807123201, 0.000266231654678, 0.000163226315635, 0.000140559684951, 0.000242509195232, 0.000196000983124, 0.000145350815728, 0.000130642802105, 9.36768337851e-05, 7.93816507212e-05, 0.00010786158964, 8.81243759068e-05, 5.68960094824e-05, 4.46250815003e-05, 0.000117857205623, 0.000144897523569, 0.000112973903015, 0.00015395108494, 0.0001222549472, 0.000132860121084, 5.72619646846e-05, 3.5630127968e-05, 8.95996126928e-05, 0.00012510358647, 6.12676740275e-05, 6.11162322457e-05, 3.88604203181e-05, 3.65572377632e-05, 5.54723519599e-05, 6.77632851875e-05, 3.88742519135e-05, 2.84155885311e-05, 4.76862260257e-05, 4.40189032815e-05, 4.88380501338e-05, 8.23467125883e-05, 3.23250824295e-05, 2.49527965934e-05, 3.80925339414e-05, 5.08207958774e-05, 5.85225243412e-05, 3.94563649024e-05, 3.55973897967e-05, 3.89419401472e-05, 4.39501454821e-05, 3.11446347041e-05, 3.56738310074e-05, 3.2939187804e-05, 3.19295977533e-05, 2.17929991777e-05, 1.81394734682e-05, 1.99793103093e-05, 1.82692601811e-05, 1.74711713044e-05, 2.46484087256e-05, 3.39976286341e-05, 2.14913070522e-05, 2.61367822532e-05, 3.25498076563e-05, 2.78464922303e-05, 2.99308576359e-05, 2.78888055618e-05, 2.83986209979e-05, 3.07933769363e-05, 3.10491268465e-05, 2.91411852231e-05, 2.44439343078e-05, 2.09139489016e-05, 1.63271542988e-05, 1.43048955579e-05, 1.4030645616e-05, 1.5653349692e-05, 1.30729140437e-05, 1.10358296297e-05, 1.15804068628e-05, 1.42290191434e-05, 1.46784668686e-05, 1.13443056762e-05, 1.07602427306e-05, 9.36450305744e-06, 8.11158952274e-06, 8.45420800033e-06, 7.14689076631e-06, 8.5207320808e-06, 6.82759355186e-06, 7.30368128643e-06, 5.48078924112e-06, 5.55657470613e-06, 4.62459911432e-06, 4.56267162008e-06, 3.97486201109e-06, 3.99021337216e-06, 4.03746253141e-06, 3.69687768398e-06, 3.35355298375e-06, 3.7446893657e-06, 3.15862962452e-06, 2.67388190878e-06, 2.54912561104e-06, 1.47362641201e-06, 1.3361972151e-06, 9.85926703834e-07, 7.97096674887e-07, 6.6082225203e-07, 5.40850692232e-07, 4.73078927143e-07, 3.74326617703e-07, 3.15299274689e-07, 2.83778746279e-07, 2.91274631081e-07, 2.30776535659e-07, 1.7126045293e-07, 1.19511625485e-07, 6.44226005875e-08, 1.60408442085e-09, 1.09126275724e-11, 6.46780242211e-12, 4.20856405281e-12, 3.83919935773e-12],
        "stdev": [0.000456333684269, 0.00216986821033, 0.00367132294923, 0.00416431343183, 0.00304556428455, 0.00214875675738, 0.00127869180869, 0.00109490286559, 0.000683318648953, 0.000773331325036, 0.000440294999862, 0.000252378871664, 0.000250526587479, 0.000543725444004, 0.00044870947022, 0.000333969190251, 0.000338889250997, 0.000237691099755, 0.000176473506144, 0.000224470117246, 0.000224319752306, 0.000146696154843, 0.00010824581841, 0.000421230768552, 0.000518995977473, 0.000453002663562, 0.000649009773042, 0.000495308137033, 0.000591130403336, 0.000218060857151, 0.000145109603181, 0.000276676320937, 0.000378054974135, 0.000253859296208, 0.000297957682051, 0.000157529357239, 0.000126390455989, 0.000187082405319, 0.000203984061955, 9.18922087294e-05, 8.77797865542e-05, 0.000183855052455, 0.000197014247533, 0.000165726640262, 0.000298286759062, 0.000107918189315, 6.25652392046e-05, 9.53783819568e-05, 0.000147772123455, 0.000134872811032, 0.000101724326669, 8.83857428562e-05, 7.71244231146e-05, 8.87256173883e-05, 5.72782701056e-05, 7.19371892046e-05, 6.56899428577e-05, 7.04214762663e-05, 5.36492334504e-05, 4.0864571929e-05, 4.71405728604e-05, 3.9753922465e-05, 2.88979954348e-05, 7.41701005609e-05, 0.000174446133315, 4.11347755289e-05, 3.91063003917e-05, 6.60349687678e-05, 5.50995646336e-05, 5.47241543245e-05, 4.42029813712e-05, 3.87726649933e-05, 4.29377469118e-05, 4.4343254558e-05, 3.82296966563e-05, 2.99079747492e-05, 2.62857120106e-05, 2.34421186178e-05, 2.12538143387e-05, 1.90092923731e-05, 1.92424358829e-05, 1.48180124597e-05, 1.21269840747e-05, 1.61079460668e-05, 2.41113430093e-05, 2.50012562901e-05, 1.35491536639e-05, 1.5215960957e-05, 1.24157595565e-05, 1.05440649349e-05, 1.30981670736e-05, 9.56799340202e-06, 1.213543419e-05, 9.31387239689e-06, 1.23877953229e-05, 7.7200056694e-06, 8.57625127537e-06, 7.74854743213e-06, 7.43796545066e-06, 5.55848009753e-06, 5.06090191266e-06, 5.27319889443e-06, 4.68072767035e-06, 4.08200548918e-06, 4.26669657827e-06, 3.57640192306e-06, 3.2579296203e-06, 3.01311661133e-06, 1.60399758897e-06, 1.45768660786e-06, 1.09021073058e-06, 9.2024214382e-07, 7.63703098983e-07, 8.33114029319e-07, 6.94950870184e-07, 5.56712848265e-07, 4.18571261207e-07, 4.78337881304e-07, 4.61283860886e-07, 3.65582252471e-07, 2.74655235444e-07, 1.84900287081e-07, 1.13266693802e-07, 5.47982459409e-09, 5.54131046604e-11, 2.08778810212e-11, 6.46324877299e-12, 5.6751287697e-12]
    },
    "mfcc": {
        "mean": [-616.125793457, 63.8969650269, 12.2561988831, 35.7459907532, 13.8044347763, 16.2301902771, 8.47726821899, 4.97159385681, 8.32874774933, 6.84797811508, -0.538078844547, 3.24640202522, 2.4424893856],
        "cov": [[19452.7246094, 738.866333008, 388.811584473, 1188.36914062, 440.496032715, 737.616149902, 254.399337769, 114.580886841, 230.881362915, 193.748931885, -5.61322402954, 198.091629028, 115.872459412], [738.866333008, 653.850952148, -147.014175415, -50.8830299377, -108.86289978, -96.46824646, 40.1052398682, -25.4079322815, 42.1290016174, 9.54010868073, 5.25877428055, -14.8965330124, -5.24035024643], [388.811584473, -147.014175415, 671.762084961, 287.954162598, 221.367935181, 115.56716156, -47.1886940002, 11.3747367859, -59.9082374573, -22.3987846375, -13.7761421204, -15.5558013916, 11.0165977478], [1188.36914062, -50.8830299377, 287.954162598, 472.65838623, 214.59753418, 107.338615417, 0.272369235754, -12.1315450668, 6.68001317978, -17.4595870972, -20.2488098145, 14.7987012863, 26.2786083221], [440.496032715, -108.86289978, 221.367935181, 214.59753418, 223.581481934, 114.820411682, 8.27648448944, 1.65212547779, -2.36871194839, -8.56532764435, -13.7167949677, 2.24044632912, 13.078212738], [737.616149902, -96.46824646, 115.56716156, 107.338615417, 114.820411682, 203.360748291, 38.9623451233, 11.5986528397, -0.0763258934021, -6.31483316422, -14.3225059509, -0.72071480751, 9.07067966461], [254.399337769, 40.1052398682, -47.1886940002, 0.272369235754, 8.27648448944, 38.9623451233, 118.267623901, 24.9307117462, 39.9222831726, 9.84062099457, -12.4862089157, 3.75024390221, 8.02170562744], [114.580886841, -25.4079322815, 11.3747367859, -12.1315450668, 1.65212547779, 11.5986528397, 24.9307117462, 82.7780380249, 26.2421569824, 6.24783325195, -5.7669672966, -6.10329532623, -10.2805433273], [230.881362915, 42.1290016174, -59.9082374573, 6.68001317978, -2.36871194839, -0.0763258934021, 39.9222831726, 26.2421569824, 96.986579895, 33.2552185059, -2.57068419456, 0.749175012112, 5.96455717087], [193.748931885, 9.54010868073, -22.3987846375, -17.4595870972, -8.56532764435, -6.31483316422, 9.84062099457, 6.24783325195, 33.2552185059, 65.7256393433, 22.2837753296, 10.4012403488, -4.36723613739], [-5.61322402954, 5.25877428055, -13.7761421204, -20.2488098145, -13.7167949677, -14.3225059509, -12.4862089157, -5.7669672966, -2.57068419456, 22.2837753296, 61.4025535583, 25.2249240875, -4.9956278801], [198.091629028, -14.8965330124, -15.5558013916, 14.7987012863, 2.24044632912, -0.72071480751, 3.75024390221, -6.10329532623, 0.749175012112, 10.4012403488, 25.2249240875, 62.5340881348, 18.9876651764], [115.872459412, -5.24035024643, 11.0165977478, 26.2786083221, 13.078212738, 9.07067966461, 8.02170562744, -10.2805433273, 5.96455717087, -4.36723613739, -4.9956278801, 18.9876651764, 52.4958724976]],
        "icov": [[8.80238148966e-05, -0.000158966940944, 3.29077229253e-05, -0.000236357780523, 0.000129942272906, -0.000364905514289, 6.476326962e-05, -0.000185505399713, 3.84768281947e-05, -0.000316550082061, 0.000113094705739, -0.000265233538812, -3.83046717616e-05], [-0.000158966940944, 0.00221364805475, -2.76117971225e-05, 3.64326697309e-05, 0.000677035539411, 0.00135193951428, -0.00111217692029, 0.00130891799927, -0.00082186376676, 0.000870801450219, -0.00069261144381, 0.00127848528791, 0.000220913716475], [3.29077229253e-05, -2.76117971225e-05, 0.00280722812749, -0.00104804849252, -0.00170257384889, -0.000320768303936, 0.000968757725786, -0.00141365232412, 0.00200724741444, -0.000846491544507, -0.000258530752035, 0.00117026991211, -0.000831532466691], [-0.000236357780523, 3.64326697309e-05, -0.00104804849252, 0.00498836208135, -0.00362371164374, 0.000854550336953, 0.00022262641869, 0.00144634814933, -0.00163319648709, 0.00187183858361, 0.000596742262132, -0.000946685206145, -6.98690337231e-06], [0.000129942272906, 0.000677035539411, -0.00170257384889, -0.00362371164374, 0.0116588938981, -0.00378756411374, -0.00047860381892, 0.000501162838191, -0.000907076289877, -0.00043595614261, 0.000271986558801, -0.000242692884058, 5.36590268894e-05], [-0.000364905514289, 0.00135193951428, -0.000320768303936, 0.000854550336953, -0.00378756411374, 0.00934665370733, -0.00313467020169, 0.000600994681008, 0.000578502193093, 0.00137356389314, -0.000320765509969, 0.00159647292458, -5.41949884791e-05], [6.476326962e-05, -0.00111217692029, 0.000968757725786, 0.00022262641869, -0.00047860381892, -0.00313467020169, 0.0122154504061, -0.00287068611942, -0.00295316963457, -0.000721534190234, 0.00257171038538, -0.00184680719394, -0.00114839861635], [-0.000185505399713, 0.00130891799927, -0.00141365232412, 0.00144634814933, 0.000501162838191, 0.000600994681008, -0.00287068611942, 0.015968542546, -0.00514438562095, 0.001964955125, 0.000541310815606, 0.000169990744325, 0.00418792897835], [3.84768281947e-05, -0.00082186376676, 0.00200724741444, -0.00163319648709, -0.000907076289877, 0.000578502193093, -0.00295316963457, -0.00514438562095, 0.0178706590086, -0.00906362663954, 0.00180003989954, 0.00191436219029, -0.00350642343983], [-0.000316550082061, 0.000870801450219, -0.000846491544507, 0.00187183858361, -0.00043595614261, 0.00137356389314, -0.000721534190234, 0.001964955125, -0.00906362663954, 0.0237982142717, -0.00789613649249, -0.000726103957277, 0.00291344430298], [0.000113094705739, -0.00069261144381, -0.000258530752035, 0.000596742262132, 0.000271986558801, -0.000320765509969, 0.00257171038538, 0.000541310815606, 0.00180003989954, -0.00789613649249, 0.024887541309, -0.0109940096736, 0.00462091853842], [-0.000265233538812, 0.00127848528791, 0.00117026991211, -0.000946685206145, -0.000242692884058, 0.00159647292458, -0.00184680719394, 0.000169990744325, 0.00191436219029, -0.000726103957277, -0.0109940096736, 0.025190576911, -0.00939404126257], [-3.83046717616e-05, 0.000220913716475, -0.000831532466691, -6.98690337231e-06, 5.36590268894e-05, -5.41949884791e-05, -0.00114839861635, 0.00418792897835, -0.00350642343983, 0.00291344430298, 0.00462091853842, -0.00939404126257, 0.02480366081]]
    },
    "spectral_contrast_coeffs": {
        "mean": [-0.748282492161, -0.797998428345, -0.791069984436, -0.802503883839, -0.807330429554, -0.760787010193],
        "stdev": [0.0599707812071, 0.065771445632, 0.0737993493676, 0.0520146302879, 0.0397153422236, 0.0420592352748]
    },
    "spectral_contrast_valleys": {
        "mean": [-6.76332187653, -7.20196437836, -7.73116397858, -7.47422599792, -6.9444694519, -9.22961997986],
        "stdev": [2.21962118149, 1.83763229847, 1.75573480129, 1.78204727173, 1.83089518547, 1.78186929226]
    }
},
"rhythm": {
    "beats_count": 449,
    "beats_loudness": {
        "mean": 0.0337702929974,
        "stdev": 0.0142726553604
    },
    "bpm": 110.017410278,
    "bpm_histogram_first_peak_bpm": 110,
    "bpm_histogram_first_peak_weight": 0.0772947072983,
    "bpm_histogram_second_peak_bpm": 144,
    "bpm_histogram_second_peak_spread": 0.5625,
    "bpm_histogram_second_peak_weight": 0.015625,
    "danceability": 1.02571582794,
    "onset_rate": 3.68271613121,
    "beats_loudness_band_ratio": {
        "mean": [0.50909268856, 0.112827315927, 0.0702557787299, 0.0839086323977, 0.0864368677139, 0.154072865844],
        "stdev": [0.230753302574, 0.0949938073754, 0.106114469469, 0.115190282464, 0.0805489867926, 0.0896778255701]
    },
    "beats_position": [0.49922901392, 0.917188167572, 1.34675729275, 1.764716506, 2.18267560005, 2.61224484444, 3.05342388153, 3.48299312592, 3.92417216301, 4.3653512001, 4.78331041336, 5.20126962662, 5.60761880875, 6.01396799088, 6.43192720413, 6.84988641739, 7.25623559952, 7.66258478165, 8.06893444061, 8.47528362274, 9.0093421936, 9.54340076447, 10.077460289, 10.623128891, 11.1687984467, 11.7144670486, 12.2601356506, 12.8058052063, 13.3514738083, 13.8971424103, 14.4428119659, 15.0000905991, 15.545759201, 16.0914287567, 16.637096405, 17.1827659607, 17.7168254852, 18.2624931335, 18.8081626892, 19.3538322449, 19.8994998932, 20.4451694489, 20.9908390045, 21.5365066528, 22.0821762085, 22.6278457642, 23.1735134125, 23.7191829681, 24.2648525238, 24.8105201721, 25.3561897278, 25.9018592834, 26.4475269318, 26.9931964874, 27.5388660431, 28.0845336914, 28.6302032471, 29.1758728027, 29.7215423584, 30.2672100067, 30.8128795624, 31.358549118, 31.9042167664, 32.449886322, 32.9955558777, 33.5412254333, 34.0868911743, 34.63256073, 35.1782302856, 35.7238998413, 36.269569397, 36.8152389526, 37.3609046936, 37.9065742493, 38.4522438049, 38.9979133606, 39.5435829163, 40.0892524719, 40.6349182129, 41.1805877686, 41.7262573242, 42.2719268799, 42.8175964355, 43.3516540527, 43.8973236084, 44.4429931641, 45.0002708435, 45.5459403992, 46.0916099548, 46.6372795105, 47.1829452515, 47.7286148071, 48.2742843628, 48.8199539185, 49.3656234741, 49.9112930298, 50.4569587708, 50.9910202026, 51.5366897583, 52.0823554993, 52.6280250549, 53.1736946106, 53.7193641663, 54.2650337219, 54.8107032776, 55.3563690186, 55.9020385742, 56.4477081299, 56.9933776855, 57.5390472412, 58.0847167969, 58.6303825378, 59.1760520935, 59.7217216492, 60.2673912048, 60.8130607605, 61.3587303162, 61.9043960571, 62.4500656128, 62.9957351685, 63.5414047241, 64.0870742798, 64.6327438354, 65.1784133911, 65.7240829468, 66.2697525024, 66.8154220581, 67.3610839844, 67.90675354, 68.4524230957, 68.9980926514, 69.543762207, 70.0894317627, 70.6351013184, 71.180770874, 71.7264404297, 72.2721099854, 72.817779541, 73.3634490967, 73.9091110229, 74.4547805786, 75.0004501343, 75.5461196899, 76.0917892456, 76.6374588013, 77.1831283569, 77.7287979126, 78.2744674683, 78.8085250854, 79.3541946411, 79.8998641968, 80.4455337524, 80.9912033081, 81.5368728638, 82.08253479, 82.6282043457, 83.1738739014, 83.719543457, 84.2652130127, 84.8108825684, 85.356552124, 85.9022216797, 86.4478912354, 86.993560791, 87.5392303467, 88.0848999023, 88.6305618286, 89.1878433228, 89.7335128784, 90.2791824341, 90.8248519897, 91.3705215454, 91.9045791626, 92.4502487183, 92.9959182739, 93.5415878296, 94.0872573853, 94.6329269409, 95.1785888672, 95.7242584229, 96.2699279785, 96.8155975342, 97.3612670898, 97.9069366455, 98.4526062012, 98.9982757568, 99.5439453125, 100.089614868, 100.635284424, 101.169342041, 101.715011597, 102.260681152, 102.806350708, 103.352012634, 103.89768219, 104.443351746, 104.989021301, 105.534690857, 106.080360413, 106.626029968, 107.171699524, 107.71736908, 108.263038635, 108.808708191, 109.354377747, 109.900039673, 110.445709229, 110.991378784, 111.53704834, 112.082717896, 112.628387451, 113.174057007, 113.719726562, 114.265396118, 114.811065674, 115.356735229, 115.902404785, 116.448066711, 116.993736267, 117.539405823, 118.085075378, 118.630744934, 119.17641449, 119.722084045, 120.267753601, 120.813423157, 121.359092712, 121.904762268, 122.450431824, 122.99609375, 123.541763306, 124.087432861, 124.633102417, 125.178771973, 125.724441528, 126.270111084, 126.81578064, 127.361450195, 127.907119751, 128.452789307, 128.998458862, 129.544128418, 130.089797974, 130.635467529, 131.181137085, 131.726806641, 132.272476196, 132.818145752, 133.363800049, 133.909469604, 134.44354248, 134.989196777, 135.534866333, 136.080535889, 136.626205444, 137.171875, 137.717544556, 138.263214111, 138.808883667, 139.354553223, 139.900222778, 140.445892334, 140.99156189, 141.537231445, 142.082901001, 142.628570557, 143.174240112, 143.719909668, 144.265579224, 144.811248779, 145.356918335, 145.902587891, 146.448257446, 146.993927002, 147.539596558, 148.085250854, 148.63092041, 149.176589966, 149.722259521, 150.267929077, 150.813598633, 151.359268188, 151.904937744, 152.4506073, 152.996276855, 153.541946411, 154.087615967, 154.633285522, 155.178955078, 155.724624634, 156.270294189, 156.804351807, 157.350021362, 157.895690918, 158.452972412, 158.998641968, 159.544311523, 160.089981079, 160.635650635, 161.181304932, 161.726974487, 162.261047363, 162.818313599, 163.363983154, 163.90965271, 164.443710327, 164.989379883, 165.535049438, 166.080718994, 166.62638855, 167.172058105, 167.717727661, 168.263397217, 168.809066772, 169.354736328, 169.900405884, 170.457687378, 170.991744995, 171.537414551, 172.083084106, 172.628753662, 173.174423218, 173.720092773, 174.265762329, 174.811431885, 175.35710144, 175.902755737, 176.448425293, 176.994094849, 177.539764404, 178.08543396, 178.631103516, 179.176773071, 179.722442627, 180.256500244, 180.8021698, 181.347839355, 181.90512085, 182.450790405, 182.996459961, 183.530517578, 184.076187134, 184.621856689, 185.167526245, 185.713195801, 186.258865356, 186.804534912, 187.361816406, 187.907485962, 188.453155518, 188.987213135, 189.54447937, 190.078552246, 190.624221802, 191.169876099, 191.715545654, 192.26121521, 192.806884766, 193.352554321, 193.898223877, 194.443893433, 194.989562988, 195.535232544, 196.0809021, 196.626571655, 197.172241211, 197.717910767, 198.263580322, 198.809249878, 199.354919434, 199.900588989, 200.446258545, 200.991928101, 201.537597656, 202.083267212, 202.628936768, 203.174606323, 203.720275879, 204.265930176, 204.811599731, 205.357269287, 205.902938843, 206.448608398, 206.994277954, 207.53994751, 208.085617065, 208.631286621, 209.176956177, 209.722625732, 210.268295288, 210.813964844, 211.359634399, 211.905303955, 212.450973511, 212.996643066, 213.542312622, 214.087982178, 214.633651733, 215.179321289, 215.724990845, 216.2706604, 216.816329956, 217.361984253, 217.907653809, 218.453323364, 218.99899292, 219.544662476, 220.090332031, 220.636001587, 221.181671143, 221.727340698, 222.273010254, 222.81867981, 223.364349365, 223.910018921, 224.444076538, 224.989746094, 225.535415649, 226.081085205, 226.626754761, 227.172424316, 227.718093872, 228.263763428, 228.809432983, 229.343490601, 229.877548218, 230.423217773, 230.968887329, 231.514556885, 232.06022644, 232.605895996, 233.151565552, 233.650787354, 234.150024414, 234.649246216, 235.136871338, 235.624481201, 236.112106323, 236.669387817, 237.226669312, 237.830383301, 238.422485352, 239.014602661, 239.606704712, 240.21043396, 240.802536011, 241.394638062, 241.99836731, 242.602081299],
    "bpm_histogram": [0, 0, 0, 0, 0, 0, 0, 0, 0, 0, 0, 0, 0, 0, 0, 0, 0, 0, 0, 0, 0, 0, 0, 0, 0, 0, 0, 0, 0, 0, 0, 0, 0, 0, 0, 0, 0, 0, 0, 0, 0, 0, 0, 0, 0, 0, 0, 0, 0, 0, 0, 0, 0, 0, 0, 0, 0, 0, 0, 0, 0, 0, 0, 0, 0, 0, 0, 0, 0, 0, 0, 0, 0, 0, 0, 0, 0, 0, 0, 0, 0, 0, 0, 0, 0, 0, 0, 0, 0, 0, 0, 0, 0, 0, 0, 0, 0, 0, 0, 0.00892857182771, 0, 0.0111607145518, 0, 0, 0, 0, 0, 0, 0.0245535708964, 0, 0.852678596973, 0, 0.046875, 0, 0, 0, 0, 0, 0, 0, 0.00669642863795, 0, 0, 0.00669642863795, 0, 0, 0, 0, 0, 0, 0, 0, 0, 0, 0, 0, 0.00669642863795, 0, 0, 0, 0.00669642863795, 0, 0, 0, 0.015625, 0, 0, 0, 0.0133928572759, 0, 0, 0, 0, 0, 0, 0, 0, 0, 0, 0, 0, 0, 0, 0, 0, 0, 0, 0, 0, 0, 0, 0, 0, 0, 0, 0, 0, 0, 0, 0, 0, 0, 0, 0, 0, 0, 0, 0, 0, 0, 0, 0, 0, 0, 0, 0, 0, 0, 0, 0, 0, 0, 0, 0, 0, 0, 0, 0, 0, 0, 0, 0, 0, 0, 0, 0, 0, 0, 0, 0, 0, 0, 0, 0, 0, 0, 0, 0, 0, 0, 0, 0, 0, 0, 0, 0, 0, 0, 0, 0, 0, 0, 0, 0, 0, 0, 0, 0, 0, 0]
},
"tonal": {
    "chords_changes_rate": 0.0685114488006,
    "chords_number_rate": 0.00209923670627,
    "chords_strength": {
        "mean": 0.546671926975,
        "stdev": 0.121110633016
    },
    "hpcp_crest": {
        "mean": 10.6035518646,
        "stdev": 5.61088895798
    },
    "hpcp_entropy": {
        "mean": 2.41052794456,
        "stdev": 0.901247799397
    },
    "key_edma": {
        "strength": 0.692624866962,
        "key": "E",
        "scale": "major"
    },
    "key_krumhansl": {
        "strength": 0.698397099972,
        "key": "E",
        "scale": "major"
    },
    "key_temperley": {
        "strength": 0.69695854187,
        "key": "E",
        "scale": "major"
    },
    "tuning_diatonic_strength": 0.681977033615,
    "tuning_equal_tempered_deviation": 0.250689715147,
    "tuning_frequency": 434.193115234,
    "tuning_nontempered_energy_ratio": 0.930543601513,
    "hpcp": {
        "mean": [0.0986694917083, 0.0809594392776, 0.0746269896626, 0.0802159383893, 0.091992482543, 0.10591724515, 0.157250493765, 0.191526129842, 0.15560553968, 0.116719268262, 0.0912577286363, 0.0769896730781, 0.0918668881059, 0.0976678133011, 0.0800178647041, 0.0706137418747, 0.0776744112372, 0.0934286266565, 0.110801383853, 0.127661243081, 0.160855621099, 0.280891001225, 0.379340618849, 0.295932680368, 0.170872837305, 0.120990201831, 0.106698572636, 0.117457278073, 0.12622398138, 0.111499324441, 0.0951530784369, 0.0864618048072, 0.0965964943171, 0.134534344077, 0.141704127192, 0.117742419243],
        "stdev": [0.203501284122, 0.188692271709, 0.181043982506, 0.179736673832, 0.195526853204, 0.201593130827, 0.230920270085, 0.251229047775, 0.223355323076, 0.206187173724, 0.188288584352, 0.173453956842, 0.204756230116, 0.217065751553, 0.175793558359, 0.162235289812, 0.176642879844, 0.203005701303, 0.213624283671, 0.227569758892, 0.255550712347, 0.318145602942, 0.382376819849, 0.341142505407, 0.273226082325, 0.22949065268, 0.211788579822, 0.212775886059, 0.224822044373, 0.215528592467, 0.199637144804, 0.183964788914, 0.186954900622, 0.217574596405, 0.230283379555, 0.215232819319]
    },
    "chords_histogram": [43.8740463257, 0.820610702038, 1.9083969593, 1.29770994186, 0, 0.22900763154, 0.744274795055, 0.706106841564, 0.629770994186, 2.11832070351, 0.286259531975, 0.248091608286, 0, 0, 0.438931286335, 8.22519111633, 8.51145076752, 6.67938947678, 1.33587789536, 3.72137403488, 0.954198479652, 0, 1.16412210464, 16.1068706512],
    "thpcp": [1, 0.780123889446, 0.450446993113, 0.318948715925, 0.281273782253, 0.30963537097, 0.332745760679, 0.293929308653, 0.25083810091, 0.227926567197, 0.254643172026, 0.354653149843, 0.373553782701, 0.310387045145, 0.260107904673, 0.213421493769, 0.196728184819, 0.211461499333, 0.242506280541, 0.279214084148, 0.414536386728, 0.504892230034, 0.410200059414, 0.307689875364, 0.240569353104, 0.202956572175, 0.242175191641, 0.257467329502, 0.210939347744, 0.186148643494, 0.204761654139, 0.246292173862, 0.292089432478, 0.336534589529, 0.424040079117, 0.740471720695],
    "chords_key": "E",
    "chords_scale": "major"
}
}